room11b.txt
0
40
15
basetiletypes.txt
68
85
69 
106 
// Tilemap data
88 88 88 88 88 88 88 88 88 88 88 88 88 88 88 88 88 88 88 88 88 88 88 88 88 88 88 88 88 88 88 88 88 88 88 88 88 88 88 88 
155 155 155 155 155 155 155 155 155 155 155 155 155 155 155 155 155 155 155 155 155 155 155 155 155 155 155 155 155 155 155 155 155 155 155 155 155 155 155 155 
88 88 88 88 88 89 89 88 88 88 88 88 88 88 88 88 88 88 88 88 88 88 88 88 88 88 88 88 88 88 88 88 88 88 88 88 89 89 88 88 
116 101 0 0 0 0 0 0 0 109 95 95 96 146 134 134 134 134 134 134 134 134 134 134 134 134 148 94 95 95 110 0 0 0 0 0 0 0 98 117 
95 110 0 0 0 0 0 0 0 0 0 0 0 88 113 115 115 115 115 115 115 115 115 115 115 114 88 0 0 0 0 0 0 0 0 0 0 0 109 95 
0 0 0 0 0 0 0 0 0 0 0 0 0 0 111 96 94 95 95 96 94 95 95 96 94 112 0 0 0 0 0 0 0 0 0 0 0 0 0 0 
0 0 0 0 0 0 0 0 0 0 0 0 0 0 0 0 0 0 0 0 0 0 0 0 0 0 0 0 0 0 0 0 0 0 0 0 0 0 0 0 
92 92 92 108 0 0 0 0 0 0 0 0 0 0 0 0 0 0 0 0 0 0 0 0 0 0 0 0 0 0 0 0 0 0 0 0 107 92 92 92 
115 115 115 101 0 0 0 0 0 0 0 0 0 0 0 0 0 0 0 0 0 0 0 0 0 0 0 0 0 0 0 0 0 0 0 0 98 115 115 115 
115 115 115 101 0 0 0 0 0 0 0 0 0 0 0 0 0 0 0 0 0 0 0 0 0 0 0 0 0 0 0 0 0 0 0 0 98 115 115 115 
115 115 115 106 104 0 0 0 0 0 0 0 0 0 0 0 0 0 0 0 0 0 0 0 0 0 0 0 0 0 0 0 0 0 0 103 105 115 115 115 
115 115 115 115 106 93 91 104 0 0 0 0 0 0 0 0 0 0 0 0 0 0 0 0 0 0 0 0 0 0 0 0 103 93 91 105 115 115 115 115 
115 115 115 115 115 115 115 106 92 104 0 0 0 0 0 0 0 0 0 0 0 0 0 0 0 0 0 0 0 0 103 92 105 115 115 115 115 115 115 115 
115 115 115 115 115 115 115 115 115 106 92 92 93 88 91 92 92 92 92 92 92 92 92 92 92 93 88 91 92 92 105 115 115 115 115 115 115 115 115 115 
115 115 115 115 115 115 115 115 115 115 115 115 115 145 134 134 134 134 134 134 134 134 134 134 134 134 147 115 115 115 115 115 115 115 115 115 115 115 115 115 
// Tile Entity 0
0
0
5
room10b.txt
39
6
0
// Tile Entity 1
0
0
6
room10b.txt
39
6
0
// Tile Entity 2
2
23
12
14
0
4
-1
// Tile Entity 3
5
20
8

-1
4
-1
// Tile Entity 4
5
20
9

-1
4
-1
// Tile Entity 5
5
20
10

-1
4
-1
// Tile Entity 6
5
20
11

-1
4
-1
// Tile Entity 7
5
20
12

-1
4
-1
// Tile Entity 8
6
13
12
0
157
4
-1
// Tile Entity 9
6
13
11
0
157
4
-1
// Tile Entity 10
6
13
10
0
157
4
-1
// Tile Entity 11
6
13
9
0
157
4
-1
// Tile Entity 12
6
13
8
0
157
4
-1
// Tile Entity 13
6
13
7
0
157
4
-1
// Tile Entity 14
6
13
6
0
157
4
-1
// Tile Entity 15
6
13
5
0
157
4
-1
// Tile Entity 16
6
26
12
0
157
4
-1
// Tile Entity 17
6
26
11
0
157
4
-1
// Tile Entity 18
6
26
10
0
157
4
-1
// Tile Entity 19
6
26
9
0
157
4
-1
// Tile Entity 20
6
26
8
0
157
4
-1
// Tile Entity 21
6
26
7
0
157
4
-1
// Tile Entity 22
6
26
6
0
157
4
-1
// Tile Entity 23
6
26
5
0
157
4
-1
// Tile Entity 24
9
0
0
-1
0
4
1
// Tile Entity 25
6
13
3
171
146
4
-1
// Tile Entity 26
6
14
3
160
134
4
-1
// Tile Entity 27
6
15
3
160
134
4
-1
// Tile Entity 28
6
16
3
160
134
4
-1
// Tile Entity 29
6
17
3
160
134
4
-1
// Tile Entity 30
6
18
3
160
134
4
-1
// Tile Entity 31
6
19
3
160
134
4
-1
// Tile Entity 32
6
20
3
160
134
4
-1
// Tile Entity 33
6
21
3
160
134
4
-1
// Tile Entity 34
6
22
3
160
134
4
-1
// Tile Entity 35
6
23
3
160
134
4
-1
// Tile Entity 36
6
24
3
160
134
4
-1
// Tile Entity 37
6
25
3
160
134
4
-1
// Tile Entity 38
6
14
14
160
134
4
-1
// Tile Entity 39
6
15
14
160
134
4
-1
// Tile Entity 40
6
16
14
160
134
4
-1
// Tile Entity 41
6
17
14
160
134
4
-1
// Tile Entity 42
6
18
14
160
134
4
-1
// Tile Entity 43
6
19
14
160
134
4
-1
// Tile Entity 44
6
20
14
160
134
4
-1
// Tile Entity 45
6
21
14
160
134
4
-1
// Tile Entity 46
6
22
14
160
134
4
-1
// Tile Entity 47
6
23
14
160
134
4
-1
// Tile Entity 48
6
24
14
160
134
4
-1
// Tile Entity 49
6
25
14
160
134
4
-1
// Tile Entity 50
6
26
3
173
148
4
-1
// Tile Entity 51
6
13
14
170
145
4
-1
// Tile Entity 52
6
26
14
172
147
4
-1
// Tile Entity 53
10
10
0

0
4
-1
// Tile Entity 54
0
39
5
room12b.txt
0
6
2
// Tile Entity 55
0
39
6
room12b.txt
0
6
2
// Tile Entity 56
5
39
6

-1
5
1
// Tile Entity 57
5
39
6

-1
6
1
// Tile Entity 58
5
39
6

-1
7
1
// Tile Entity 59
5
39
6

-1
8
1
// End of file
