room11c.txt
0
40
15
basetiletypes.txt
68
85
69 
106 
// Tilemap data
88 88 88 88 88 88 88 88 88 88 88 88 88 88 88 88 88 88 88 88 88 88 88 88 88 88 88 88 88 88 88 88 88 88 88 88 88 88 88 88 
155 155 155 155 155 155 155 155 155 155 155 155 155 155 155 155 155 155 155 155 155 155 155 155 155 155 155 155 155 155 155 155 155 155 155 155 155 155 155 155 
88 88 88 88 88 89 89 88 88 88 88 88 88 88 88 88 88 88 88 88 88 88 88 88 88 88 88 88 88 88 88 88 88 88 88 88 89 89 88 88 
116 101 0 0 0 0 0 0 0 109 95 96 94 113 115 115 115 115 115 115 115 115 115 115 115 115 114 96 94 95 110 0 0 0 0 0 0 0 98 117 
95 110 0 0 0 0 0 0 0 0 0 0 0 109 113 115 115 115 115 115 115 115 115 115 115 114 110 0 0 0 0 0 0 0 0 0 0 0 109 95 
100 0 0 0 0 0 0 0 0 154 0 0 0 0 111 96 94 95 95 96 94 95 95 96 94 112 0 0 0 0 154 0 0 0 0 0 0 0 0 0 
102 0 0 0 0 0 0 0 0 153 0 0 0 0 0 0 0 0 0 0 0 0 0 0 0 0 0 0 0 0 153 0 0 0 0 0 0 0 0 0 
92 92 92 108 0 0 0 0 91 92 92 93 0 0 0 0 0 0 0 0 0 0 0 0 0 0 0 0 91 92 92 93 0 0 0 0 107 92 92 92 
115 115 115 101 0 0 0 0 88 0 0 89 0 0 0 0 0 0 0 0 0 0 0 0 0 0 0 0 89 0 0 88 0 0 0 0 98 115 115 115 
115 115 115 101 0 0 0 0 89 0 0 89 0 91 92 92 104 0 0 0 0 0 0 103 92 92 93 0 89 0 0 89 0 0 0 0 98 115 115 115 
115 115 115 106 104 0 0 0 89 0 0 89 0 89 0 0 106 92 92 92 92 92 92 105 0 0 89 0 89 0 0 89 0 0 0 103 105 115 115 115 
115 115 115 115 106 93 91 104 89 0 0 89 0 89 0 0 89 0 154 0 0 154 0 89 0 0 89 0 89 0 0 89 103 93 91 105 115 115 115 115 
115 115 115 115 115 115 115 106 92 93 91 92 92 92 104 0 89 0 153 0 0 153 0 89 0 103 92 92 92 93 91 92 105 115 115 115 115 115 115 115 
115 115 115 115 115 115 115 115 115 115 115 115 115 115 106 93 91 92 92 92 92 92 92 93 91 105 115 115 115 115 115 115 115 115 115 115 115 115 115 115 
115 115 115 115 115 115 115 115 115 115 115 115 115 115 115 115 115 115 115 115 115 115 115 115 115 115 115 115 115 115 115 115 115 115 115 115 115 115 115 115 
// Tile Entity 0
0
0
1
room10c.txt
39
1
0
// Tile Entity 1
5
0
1

-1
4
1
// Tile Entity 2
5
4
8

151
2
-1
// Tile Entity 3
5
5
8

151
2
-1
// Tile Entity 4
5
6
8

151
2
-1
// Tile Entity 5
5
7
8

151
2
-1
// Tile Entity 6
5
13
5

152
2
-1
// Tile Entity 7
5
13
6

152
2
-1
// Tile Entity 8
5
13
7

152
2
-1
// Tile Entity 9
5
13
8

152
2
-1
// Tile Entity 10
5
11
9

152
2
-1
// Tile Entity 11
5
11
10

152
2
-1
// Tile Entity 12
5
11
11

152
2
-1
// Tile Entity 13
5
28
9

152
2
-1
// Tile Entity 14
5
28
10

152
2
-1
// Tile Entity 15
5
28
11

152
2
-1
// Tile Entity 16
5
32
8

151
2
-1
// Tile Entity 17
5
33
8

151
2
-1
// Tile Entity 18
5
34
8

151
2
-1
// Tile Entity 19
5
35
8

151
2
-1
// Tile Entity 20
5
31
3

151
2
-1
// Tile Entity 21
5
11
8

152
2
-1
// Tile Entity 22
5
28
8

152
2
-1
// Tile Entity 23
5
32
3

151
2
-1
// Tile Entity 24
5
33
3

151
2
-1
// Tile Entity 25
5
34
3

151
2
-1
// Tile Entity 26
5
35
3

151
2
-1
// Tile Entity 27
5
36
3

151
2
-1
// Tile Entity 28
5
37
3

151
2
-1
// Tile Entity 29
5
15
4

156
2
-1
// Tile Entity 30
2
15
4
4
0
2
-1
// Tile Entity 31
5
24
4

156
2
-1
// Tile Entity 32
2
24
4
4
0
2
-1
// Tile Entity 33
5
7
1

152
2
-1
// Tile Entity 34
6
13
10
0
157
2
-1
// Tile Entity 35
6
13
11
0
157
2
-1
// Tile Entity 36
6
38
5
0
157
2
-1
// Tile Entity 37
6
38
6
0
157
2
-1
// Tile Entity 38
0
39
1
room12c.txt
0
1
2
// Tile Entity 39
0
39
5
room12c.txt
0
6
2
// Tile Entity 40
0
39
6
room12c.txt
0
6
2
// Tile Entity 41
5
39
1

-1
3
1
// Tile Entity 42
4
9
6
Blah
-1
-1
-1
// Tile Entity 43
4
18
12
Blah
-1
-1
-1
// Tile Entity 44
4
21
12
Blah
-1
-1
-1
// Tile Entity 45
4
30
6
Blah
-1
-1
-1
// End of file
