room12a.txt
61
20
45
vinetiletypes.txt
68
69
-1 
106 
// Tilemap data
53 53 53 53 53 53 53 53 53 53 53 53 53 53 53 53 53 53 53 53 
35 35 35 35 35 35 35 51 35 35 35 35 35 35 38 116 116 116 116 116 
53 53 53 53 53 53 53 40 54 53 53 53 53 53 53 53 53 53 53 53 
81 79 60 60 60 78 66 40 0 0 0 0 0 0 0 40 43 0 63 80 
60 75 43 0 40 74 75 0 0 0 0 0 0 0 0 43 0 0 63 80 
0 0 0 0 43 0 0 0 0 0 0 0 0 0 0 0 0 0 63 80 
0 0 0 0 0 0 0 0 0 0 0 0 0 0 0 0 0 0 63 80 
3 1 4 22 57 57 57 57 73 0 0 0 0 0 0 0 0 0 63 80 
44 44 44 8 22 80 80 80 66 0 0 0 0 0 0 0 0 0 63 80 
44 44 44 44 37 35 35 35 35 46 0 54 0 0 0 0 0 0 63 80 
44 44 44 44 26 60 60 61 71 47 35 51 35 51 35 46 0 0 63 80 
44 44 44 33 31 0 0 0 0 0 0 0 0 0 0 0 0 0 63 80 
44 44 33 31 0 0 0 0 0 0 0 0 0 0 0 0 0 5 2 3 
44 44 26 0 0 0 0 0 0 15 16 41 4 2 1 3 2 7 44 44 
44 44 37 0 0 46 0 0 21 17 44 44 44 44 44 44 44 44 44 44 
44 44 24 0 0 40 0 0 25 44 44 44 44 44 44 44 44 44 44 44 
44 44 26 0 0 0 0 0 23 44 44 44 44 44 44 44 44 44 44 44 
44 44 26 0 0 0 0 35 36 44 44 44 44 44 44 44 44 44 44 44 
44 44 24 0 0 0 0 0 30 28 42 28 28 28 28 28 28 32 44 44 
44 44 14 11 0 0 0 0 0 0 0 0 0 0 0 158 0 30 32 44 
44 44 44 12 0 40 0 0 0 0 0 0 0 0 0 0 0 0 23 44 
44 44 44 37 35 48 0 0 54 0 0 0 0 0 0 0 0 0 25 44 
44 44 44 26 0 54 0 0 54 0 0 0 0 0 0 0 0 0 25 44 
44 44 44 37 35 35 46 0 54 0 0 0 0 0 0 54 0 0 23 44 
44 44 44 24 72 73 43 0 54 0 0 0 0 0 72 73 0 0 25 44 
44 44 44 8 22 75 0 0 54 0 0 0 0 0 63 66 0 34 36 44 
44 44 44 44 8 4 2 6 54 0 0 0 0 0 63 66 0 0 25 44 
44 44 44 44 44 33 28 29 54 0 0 0 0 0 63 66 0 0 23 44 
44 44 44 44 44 37 51 35 35 35 35 51 51 35 51 35 35 0 36 44 
44 44 44 44 33 29 0 0 0 0 0 0 0 0 40 0 54 0 27 28 
44 44 44 33 31 0 0 0 0 0 0 0 0 0 43 0 54 0 63 80 
44 33 28 31 0 0 0 0 0 0 0 0 0 0 0 0 54 72 70 80 
44 24 0 0 0 54 0 0 0 0 0 0 0 54 0 0 54 63 80 80 
44 26 0 0 0 54 0 0 0 0 54 0 0 54 0 0 54 63 80 80 
44 8 6 0 0 54 68 57 57 57 57 57 57 57 57 57 57 74 78 80 
44 44 26 0 0 56 70 59 60 60 60 60 60 60 60 60 60 60 63 80 
44 44 24 0 0 0 54 0 0 0 0 0 0 0 0 0 54 43 63 80 
44 44 26 0 0 0 54 0 0 0 0 0 0 0 0 0 54 0 63 80 
44 44 8 3 19 20 54 0 0 0 0 0 0 0 0 0 54 0 63 80 
44 44 44 44 44 18 2 22 57 57 57 57 57 57 57 57 58 0 63 80 
44 44 44 44 44 44 44 37 46 0 0 0 0 0 0 0 54 0 63 80 
44 44 33 28 28 28 28 29 40 0 0 0 0 0 0 0 54 0 63 80 
44 44 26 80 80 80 80 66 40 0 0 0 72 57 57 57 57 57 70 80 
28 28 29 80 80 80 80 66 43 0 0 0 63 80 80 80 80 80 80 80 
80 80 80 80 80 80 80 66 0 0 0 0 63 80 80 80 80 80 80 80 
// Tile Entity 0
0
0
6
room11a.txt
39
6
0
// Tile Entity 1
0
0
5
room11a.txt
39
6
0
// Tile Entity 2
7
8
5

141
-1
-1
// Tile Entity 3
7
15
11

141
-1
-1
// Tile Entity 4
7
11
11

141
-1
-1
// Tile Entity 5
7
11
12

141
-1
-1
// Tile Entity 6
7
5
16

141
-1
-1
// Tile Entity 7
7
5
17

151
-1
-1
// Tile Entity 8
7
5
18

141
-1
-1
// Tile Entity 9
7
5
19

141
-1
-1
// Tile Entity 10
7
11
29

141
-1
-1
// Tile Entity 11
7
11
30

141
-1
-1
// Tile Entity 12
7
11
31

141
-1
-1
// Tile Entity 13
7
11
32

141
-1
-1
// Tile Entity 14
7
6
29

141
-1
-1
// Tile Entity 15
7
6
30

141
-1
-1
// Tile Entity 16
7
15
36

141
-1
-1
// Tile Entity 17
7
15
37

141
-1
-1
// Tile Entity 18
7
8
6

144
-1
-1
// Tile Entity 19
7
15
12

144
-1
-1
// Tile Entity 20
7
13
11

144
-1
-1
// Tile Entity 21
7
10
19

144
-1
-1
// Tile Entity 22
7
12
29

144
-1
-1
// Tile Entity 23
7
11
33

144
-1
-1
// Tile Entity 24
7
6
31

144
-1
-1
// Tile Entity 25
7
15
38

144
-1
-1
// Tile Entity 26
7
4
14

136
-1
-1
// Tile Entity 27
7
3
14

136
-1
-1
// Tile Entity 28
7
7
4

148
-1
-1
// Tile Entity 29
7
8
4

147
-1
-1
// Tile Entity 30
7
17
28

136
-1
-1
// Tile Entity 31
7
6
17

136
-1
-1
// Tile Entity 32
2
4
20
10
0
-1
-1
// Tile Entity 33
2
15
33
10
0
-1
-1
// Tile Entity 34
2
13
12
10
0
-1
-1
// Tile Entity 35
0
8
44
room13.txt
8
0
0
// Tile Entity 36
0
9
44
room13.txt
9
0
0
// Tile Entity 37
0
10
44
room13.txt
10
0
2
// Tile Entity 38
0
11
44
room13.txt
11
0
2
// Tile Entity 39
2
13
4
11
0
-1
-1
// Tile Entity 40
2
15
20
11
60
-1
-1
// Tile Entity 41
2
13
37
11
0
-1
-1
// Tile Entity 42
6
12
27
155
40
5
-1
// Tile Entity 43
6
12
26
0
157
5
-1
// Tile Entity 44
6
12
25
0
156
5
-1
// Tile Entity 45
8
12
27

-1
5
-1
// End of file
