room12c.txt
0
20
45
basetiletypes.txt
68
69
-1 
106 
// Tilemap data
88 88 88 88 88 88 88 88 88 88 88 88 88 88 88 88 88 88 88 88 
155 155 155 155 155 155 155 155 155 155 155 155 155 155 155 155 155 155 155 155 
88 88 88 88 88 88 88 89 89 88 88 88 88 88 88 88 88 88 88 88 
116 114 95 95 95 113 101 0 0 0 0 0 0 0 0 0 0 0 98 115 
95 110 0 0 0 109 110 0 0 0 0 0 0 0 0 0 0 0 98 115 
0 0 0 0 0 140 140 0 0 0 0 0 0 0 0 0 0 0 98 115 
0 0 0 0 0 140 140 0 0 0 0 0 0 0 0 0 0 0 98 115 
92 92 92 92 92 92 92 92 108 0 0 107 92 92 108 0 0 0 98 115 
115 115 115 115 115 115 115 115 101 0 0 109 95 95 110 0 0 0 98 115 
115 115 115 115 115 115 115 115 101 0 0 89 0 0 89 0 0 0 98 115 
115 114 95 95 95 95 95 96 106 92 92 92 92 92 92 93 0 0 98 115 
115 101 0 0 0 0 0 0 0 0 0 0 0 0 0 89 0 0 98 115 
115 101 0 0 0 0 0 0 0 0 0 0 0 0 0 89 0 0 98 115 
115 101 0 0 0 0 0 0 0 103 92 92 92 92 92 92 92 92 98 115 
115 101 0 0 107 108 0 0 91 105 94 95 95 95 95 95 95 95 98 115 
115 101 0 0 109 110 0 0 89 0 0 0 0 0 0 0 0 0 98 115 
115 101 0 0 89 0 0 0 89 0 0 0 0 0 0 0 0 0 98 115 
115 101 0 0 89 0 0 0 89 0 0 0 0 0 0 0 0 0 98 115 
115 101 0 0 89 0 0 0 89 0 0 0 0 0 0 0 0 0 98 115 
115 101 0 0 107 108 0 0 89 107 108 0 0 0 107 108 0 0 98 115 
115 101 0 0 109 110 0 0 89 109 110 0 0 0 109 110 0 0 98 115 
115 101 0 0 0 89 0 0 89 0 89 0 0 0 0 89 0 0 98 115 
115 101 0 0 0 89 0 0 89 0 89 0 0 0 0 89 0 0 98 115 
115 101 0 0 0 89 0 0 89 0 89 0 0 0 0 89 0 0 98 115 
115 101 0 0 107 108 0 0 89 107 108 0 0 0 107 108 0 0 98 115 
115 101 0 0 109 110 0 0 89 109 110 0 0 0 98 101 0 91 98 115 
115 101 0 0 89 0 0 0 89 0 0 0 0 0 98 101 0 0 98 115 
115 101 0 0 89 0 0 0 89 0 0 0 0 0 98 101 0 0 98 115 
115 101 92 92 92 92 92 92 92 92 92 92 92 92 105 106 93 0 98 115 
115 101 0 0 0 89 0 0 0 0 0 0 0 88 0 0 89 0 98 115 
115 101 0 0 0 89 0 0 0 0 0 0 0 88 0 0 89 0 98 115 
115 101 0 0 0 89 0 0 0 88 0 0 0 89 0 0 89 107 105 115 
115 101 0 0 0 89 0 0 0 88 0 0 0 89 0 0 89 98 115 115 
115 101 0 0 0 89 0 0 0 89 0 0 0 89 0 0 89 98 115 115 
115 101 108 0 0 89 103 92 92 92 92 92 92 92 92 92 92 109 113 115 
115 101 110 0 0 91 105 94 95 95 95 95 95 95 95 95 95 95 98 115 
115 101 0 0 0 0 89 0 0 0 0 0 0 0 0 0 89 0 98 115 
115 101 0 0 0 0 89 0 0 0 0 0 91 93 0 0 89 0 98 115 
115 101 0 0 0 0 89 0 0 0 0 0 0 89 0 0 89 0 98 115 
115 101 0 0 0 0 107 92 92 92 92 92 92 92 92 92 93 0 98 115 
115 101 0 0 0 0 98 100 0 0 0 0 0 0 0 0 89 0 98 115 
115 106 92 92 92 92 105 101 0 0 0 0 0 0 0 0 89 0 98 115 
115 115 115 115 115 115 115 101 0 0 0 0 107 92 92 92 92 92 105 115 
115 115 115 115 115 115 115 101 0 0 0 0 98 115 115 115 115 115 115 115 
115 115 115 115 115 115 115 101 0 0 0 0 98 115 115 115 115 115 115 115 
// Tile Entity 0
0
0
1
room11c.txt
39
1
0
// Tile Entity 1
5
0
1

-1
2
1
// Tile Entity 2
0
0
5
room11c.txt
39
6
0
// Tile Entity 3
0
0
6
room11c.txt
39
6
0
// Tile Entity 4
2
5
6
2
1
1
-1
// Tile Entity 5
2
4
13
3
0
-1
-1
// Tile Entity 6
5
6
15

151
3
-1
// Tile Entity 7
5
7
15

151
3
-1
// Tile Entity 8
5
8
15

151
3
-1
// Tile Entity 9
5
9
15

151
3
-1
// Tile Entity 10
5
10
15

151
3
-1
// Tile Entity 11
5
11
15

151
3
-1
// Tile Entity 12
5
12
15

151
3
-1
// Tile Entity 13
5
13
15

151
3
-1
// Tile Entity 14
5
14
15

151
3
-1
// Tile Entity 15
5
15
15

151
3
-1
// Tile Entity 16
5
16
15

151
3
-1
// Tile Entity 17
5
17
15

151
3
-1
// Tile Entity 18
5
5
16

152
3
-1
// Tile Entity 19
5
5
17

152
3
-1
// Tile Entity 20
5
5
18

152
3
-1
// Tile Entity 21
5
2
27

151
3
-1
// Tile Entity 22
5
3
27

151
3
-1
// Tile Entity 23
5
4
27

151
3
-1
// Tile Entity 24
5
5
27

151
3
-1
// Tile Entity 25
5
6
27

151
3
-1
// Tile Entity 26
5
7
27

151
3
-1
// Tile Entity 27
5
8
27

151
3
-1
// Tile Entity 28
5
9
27

151
3
-1
// Tile Entity 29
5
10
27

151
3
-1
// Tile Entity 30
5
11
27

151
3
-1
// Tile Entity 31
5
12
27

151
3
-1
// Tile Entity 32
5
13
27

151
3
-1
// Tile Entity 33
5
14
21

152
3
-1
// Tile Entity 34
5
14
22

152
3
-1
// Tile Entity 35
5
14
23

152
3
-1
// Tile Entity 36
2
10
18
3
0
-1
-1
// Tile Entity 37
2
14
18
3
0
-1
-1
// Tile Entity 38
2
8
3
6
0
-1
-1
// Tile Entity 39
2
15
15
6
0
-1
-1
// Tile Entity 40
2
2
32
8
0
-1
-1
// Tile Entity 41
2
2
39
8
0
-1
-1
// Tile Entity 42
0
19
1
room14.txt
0
1
2
// Tile Entity 43
0
8
44
room13.txt
8
0
0
// Tile Entity 44
0
9
44
room13.txt
9
0
0
// Tile Entity 45
0
10
44
room13.txt
10
0
2
// Tile Entity 46
0
11
44
room13.txt
11
0
2
// End of file
