room9.txt
0
20
15
basetiletypes.txt
68
69
-1 
106 
// Tilemap data
115 122 122 122 122 122 122 122 122 122 115 122 122 122 122 122 122 122 122 122 
121 119 94 95 95 95 95 95 95 113 122 100 94 95 95 95 95 96 88 88 
121 100 0 0 0 89 0 0 0 111 95 112 0 0 0 0 0 0 89 155 
121 101 0 0 0 89 0 0 0 0 89 0 0 0 0 0 0 0 88 88 
121 102 0 0 0 89 0 0 0 0 89 0 0 0 0 0 0 103 99 123 
121 100 0 0 0 89 0 0 0 0 89 0 0 0 0 0 91 105 98 123 
121 102 0 0 0 89 0 0 0 91 92 93 0 0 0 0 0 0 98 123 
116 100 94 95 95 113 104 0 0 0 0 0 0 0 0 0 0 0 98 117 
94 110 0 89 0 111 95 96 0 0 0 0 0 0 0 0 0 0 109 95 
0 0 0 89 0 0 0 89 0 124 125 126 0 0 0 0 0 0 140 0 
0 0 0 89 0 0 0 89 0 127 128 129 0 0 0 0 0 0 140 0 
0 0 0 89 0 0 0 89 0 130 131 132 0 0 0 103 92 92 92 93 
91 92 93 91 92 93 2 4 90 92 92 93 91 92 92 105 119 120 136 120 
120 120 120 120 120 120 120 72 120 120 136 120 120 120 120 120 115 115 137 115 
115 115 115 115 115 115 115 115 115 115 145 134 134 134 134 134 134 134 147 115 
// Tile Entity 0
0
0
11
room7.txt
19
26
0
// Tile Entity 1
0
0
10
room7.txt
19
26
0
// Tile Entity 2
0
0
9
room7.txt
19
26
0
// Tile Entity 3
2
18
10
2
1
1
-1
// Tile Entity 4
4
10
11
Power restored. Access granted. 
-1
0
-1
// Tile Entity 5
0
19
2
room10.txt
0
2
2
// Tile Entity 6
5
19
2

-1
4
1
// Tile Entity 7
0
19
10
room10.txt
0
10
2
// Tile Entity 8
0
19
9
room10.txt
0
10
2
// Tile Entity 9
6
10
13
162
136
0
-1
// Tile Entity 10
6
10
14
170
145
0
-1
// Tile Entity 11
6
11
14
160
134
0
-1
// Tile Entity 12
6
12
14
160
134
0
-1
// Tile Entity 13
6
13
14
160
134
0
-1
// Tile Entity 14
6
14
14
160
134
0
-1
// Tile Entity 15
6
15
14
160
134
0
-1
// Tile Entity 16
6
16
14
160
134
0
-1
// Tile Entity 17
6
17
14
160
134
0
-1
// Tile Entity 18
6
18
14
172
147
0
-1
// Tile Entity 19
6
18
13
163
137
0
-1
// Tile Entity 20
6
18
12
162
136
0
-1
// Tile Entity 21
8
0
0

0
1
-1
// End of file
